0.058501 0.047258 0.033161 0.026427 0.032554 0.029340 0.029690 0.027265 
0.056042 0.047137 0.032876 0.026313 0.038113 0.163554 0.028916 0.027061 
0.056030 0.047007 0.033228 0.026236 0.041328 0.030037 0.028625 0.034647 
0.056040 0.049742 0.032930 0.026567 0.032174 0.033626 0.029707 0.027355 
0.056008 0.047328 0.032918 0.026497 0.032315 0.032171 0.027747 0.027040 
0.056695 0.047241 0.032704 0.026459 0.032290 0.029313 0.029384 0.027160 
0.056038 0.047293 0.032861 0.026366 0.244324 0.028730 0.029812 0.027115 
0.056025 0.047371 0.032948 0.026504 0.035093 0.031340 0.029733 0.027076 
0.056274 0.047252 0.032762 0.026422 0.033286 0.028722 0.029818 0.027165 
0.056064 0.047255 0.033237 0.026453 0.030816 0.029819 0.029631 0.027362 
Tempo Medio (s):
56.37170000000000000000  47.48840000000000000000  32.96250000000000000000  26.42440000000000000000  55.22930000000000000000  43.66520000000000000000  29.30630000000000000000  27.92460000000000000000  Vazao Media (MOP/s):
1774236.67330000000000000000  4315805924.37230000000000000000  6216342781.31590000000000000000  7754311891.06140000000000000000  5516551633.04780000000000000000  6218612145.40560000000000000000  6995157416.08840000000000000000  7376833523.65630000000000000000 
