0.350376 0.246378 0.168008 0.131088 0.162107 0.143053 0.138358 0.127094 
0.349867 0.245145 0.208341 0.131524 0.187482 0.157944 0.140615 0.122693 
0.349791 0.247224 0.171829 0.131097 0.170570 0.158292 0.137454 0.122483 
0.350115 0.245900 0.169338 0.130362 0.184479 0.151288 0.137412 0.122929 
0.349565 0.247105 0.171398 0.131285 0.160309 0.155469 0.137485 0.122558 
0.349645 0.246587 0.176078 0.131336 0.179406 0.146156 0.138410 0.127432 
0.349209 0.246015 0.169137 0.131016 0.187897 0.144909 0.137379 0.122751 
0.350240 0.246473 0.170019 0.131243 0.187331 0.157809 0.137252 0.122502 
0.349015 0.246377 0.170247 0.131152 0.171120 0.161262 0.137451 0.122651 
0.349181 0.246430 0.169960 0.159684 0.169243 0.154477 0.137627 0.122351 

Tempo Medio (s):
349.70040000000000000000  246.36340000000000000000  174.43550000000000000000  133.97870000000000000000  175.99440000000000000000  153.06590000000000000000  137.94430000000000000000  123.54440000000000000000

Vazao Media (MOP/s):
285959.57320000000000000000  831702523.62100000000000000000  1179042773.10130000000000000000  1534719726.26180000000000000000  1168147158.85840000000000000000  1340773665.63950000000000000000  1485454205.11070000000000000000  1658882396.16570000000000000000
