0.048489 0.040622 0.028922 0.022769 0.025696 0.022647 0.020417 0.020443
0.048469 0.040208 0.028263 0.022385 0.026043 0.022080 0.020389 0.020446
0.048465 0.040085 0.028246 0.022561 0.025207 0.022564 0.020452 0.020714
0.048462 0.039840 0.027939 0.022363 0.025859 0.022399 0.020591 0.020490
0.048519 0.040497 0.028336 0.022906 0.025186 0.022363 0.020391 0.020720
0.048175 0.041862 0.027258 0.022513 0.025520 0.022574 0.020384 0.020487
0.048530 0.040361 0.029365 0.022281 0.025569 0.022242 0.020766 0.020704
0.048456 0.041791 0.027897 0.022481 0.025183 0.022250 0.020318 0.020323
0.048507 0.034610 0.028669 0.022688 0.025458 0.022318 0.020351 0.020560
0.048454 0.040673 0.028519 0.022436 0.025023 0.022305 0.020498 0.020548
